Date,Facebook,Pinterest,Twitter,Instagram,StumbleUpon,YouTube,reddit,Tumblr,LinkedIn,Google+,Fark,Digg,NowPublic,news.ycombinator.com,Other
2009-04,18.27,0,23.64,0,0.94,0,20.6,0,0,0,0.86,15.51,0.06,0.58,19.53
2009-05,19.29,0,37.61,0,1.95,0,15.07,0,0.48,0,1.58,12.56,0.08,1,10.38
2009-06,19.32,0,35.45,0,0.97,0,21.03,0,0.61,0,2.21,13.37,0.1,0.58,6.36
2009-07,24.8,0,31.96,0,1.69,0,15.9,0,0.58,0,0.87,16.26,0.12,0.84,6.96
2009-08,31.7,0,28.85,0,0.88,0,21.5,0,0.61,0,1.19,9.63,0.17,0.37,5.1
2009-09,36.97,0,32.28,0,0.95,0.07,7.55,0,1.15,0,1.41,13.98,0.25,0.57,4.81
2009-10,39.47,0,25.84,0,1.59,4.46,10.28,0,0.82,0,1.17,11.49,0.29,0.66,3.93
2009-11,39.17,0,26.01,0,1.94,5.22,12.76,0,0.69,0,0.64,8.72,0.24,0.66,3.95
2009-12,40.06,0,22.93,0,2.16,5.47,11.84,0,0.59,0,2.53,10.45,0.14,0.41,3.42
2010-01,48.49,0,20.38,0,2.5,4.66,9.54,0,0.42,0,1.14,8.57,0.22,0.43,3.65
2010-02,44.78,0,22.88,0,2.6,3.73,6.32,0,0.47,0,0.98,9.37,4.07,0.76,4.05
2010-03,45.15,0,23.07,0,1.97,2.94,6.93,0,0.43,0,1.35,5.28,3.61,0.63,8.65
2010-04,58.21,0,13.62,0,2.19,1.64,4.34,0,0.24,0,0.97,3.66,1.97,0.38,12.78
2010-05,64.71,0,12.62,0,1.66,2.04,4.47,0,0.21,0,0.81,2.68,1.9,0.4,8.5
2010-06,68.47,0,8.46,0,1.55,2,3.64,0,0.17,0,0.65,4.39,1.58,0.36,8.74
2010-07,61.2,0,9.83,0,1.59,2.51,4.35,0,0.2,0,1.1,4.97,1.91,0.32,12.02
2010-08,62.22,0,9.53,0,9.25,2.32,4.01,0,0.2,0,0.57,4.62,1.5,0.23,5.55
2010-09,45.69,0,8.38,0,30.54,1.89,4.14,0,0.2,0,0.57,4.09,1.5,0.35,2.64
2010-10,48.52,0,7.29,0,30.07,1.86,3.36,0,0.17,0,0.79,3.62,1.35,0.22,2.75
2010-11,42.12,0,9.01,0,34.53,1.84,4.59,0,0.18,0,0.7,1.79,1.65,0.26,3.34
2010-12,45.89,0,11.94,0,25.5,3.02,5.56,0,0.21,0,0.83,3.51,1.84,0.39,1.32
2011-01,78.29,0,8.62,0,3.42,1.55,3.71,0,0.17,0,0.64,1.32,1.35,0.2,0.73
2011-02,70.03,0,13.24,0,4.68,2.2,4.1,0,0.26,0,1.2,1.86,1.28,0.27,0.88
2011-03,67.61,0,14.23,0,5.52,2.3,4.95,0,0.35,0,1.16,1.49,1.29,0.25,0.86
2011-04,82.5,0,7.04,0,3.5,1.31,2.21,0,0.24,0,0.62,1.21,0.75,0.23,0.39
2011-05,85.5,0,4.49,0,4.3,0.97,2.06,0,0.23,0,0.36,1.02,0.69,0.15,0.24
2011-06,86.21,0,3.86,0,4.12,1.05,2.17,0,0.21,0,0.37,1.04,0.59,0.12,0.25
2011-07,63.49,0,2.87,0,27.22,1.04,2.85,0,0.29,0.01,0.62,0.81,0.53,0.1,0.18
2011-08,51.56,0,5.9,0,37.62,0.67,1.97,0,0.2,0.01,0.2,1.04,0.65,0.08,0.11
2011-09,52.96,0,12.06,0,30.07,0.41,2.16,0,0.12,0,0.22,1.08,0.8,0.04,0.09
2011-10,52.43,0,10.38,0,33.19,0.36,2,0,0.08,0,0.15,0.88,0.37,0.1,0.06
2011-11,44.56,0,11.24,0,40.64,0.38,1.76,0,0.07,0.01,0.13,0.86,0.24,0.05,0.06
2011-12,54.3,0,10.99,0,30.41,0.34,2.15,0,0.07,0,0.13,0.87,0.63,0.06,0.05
2012-01,66.55,0,8.77,0,21.38,0.36,1.8,0,0.06,0,0.14,0.65,0.2,0.04,0.04
2012-02,71.25,0,8.67,0,17.31,0.35,1.37,0,0.07,0,0.15,0.53,0.2,0.06,0.03
2012-03,70.65,2.68,9.53,0,14.05,0.34,1.55,0,0.06,0,0.14,0.7,0.21,0.06,0.04
2012-04,68.93,5.27,8.89,0,14.24,0.3,1.24,0,0.08,0,0.1,0.49,0.37,0.04,0.04
2012-05,72.02,6.01,10.47,0,8.16,0.38,1.71,0,0.15,0,0.14,0.45,0.42,0.05,0.04
2012-06,72.95,7.35,11.97,0,4,0.46,1.95,0,0.19,0,0.18,0.41,0.43,0.05,0.07
2012-07,79.82,5.66,9.92,0,1.92,0.37,1.36,0,0.09,0,0.13,0.33,0.3,0.03,0.06
2012-08,70.93,18.11,7.95,0,1.19,0.24,1.1,0,0.01,0,0.06,0.03,0.31,0.03,0.04
2012-09,52.38,37.59,7.5,0,0.84,0.19,1.18,0,0.01,0,0.07,0.02,0.16,0.02,0.03
2012-10,44.98,41.35,10.93,0,0.74,0.23,1.38,0,0.02,0,0.1,0.02,0.19,0.02,0.03
2012-11,48.78,37.97,9.21,0,2.38,0.2,1.13,0,0.01,0,0.1,0.01,0.16,0.03,0.03
2012-12,51.22,33.01,10.75,0,3.78,0.18,0.85,0,0.01,0,0.04,0.01,0.1,0.02,0.02
2013-01,44.85,39.34,10.75,0,3.95,0.18,0.73,0,0.01,0,0.03,0.01,0.12,0.02,0.02
2013-02,41.9,39.82,13.06,0,3.93,0.19,0.88,0,0.01,0.06,0.04,0.01,0.08,0.02,0.01
2013-03,42.82,38.79,13.5,0,3.44,0.25,0.99,0,0.01,0.1,0.04,0.01,0.06,0.01,0.02
2013-04,47.07,31.73,15.38,0,4.37,0.16,0.98,0,0,0.12,0.09,0.01,0.06,0,0.02
2013-05,55.06,24.02,15.76,0,3.71,0.15,1.01,0,0.01,0.1,0.06,0.02,0.04,0,0.05
2013-06,54.66,26.08,14.5,0,3.5,0.15,0.91,0,0.01,0.08,0.04,0.02,0.03,0,0.03
2013-07,49.58,30.81,14.68,0,3.57,0.2,0.93,0,0,0.12,0.05,0.01,0.03,0,0.01
2013-08,47.58,31.07,15.73,0,4.09,0.24,1.02,0,0,0.14,0.07,0.02,0.03,0,0.01
2013-09,42.27,36.69,15.65,0,3.75,0.24,1.17,0,0,0.14,0.05,0.01,0.03,0,0.02
2013-10,46.58,33.79,14.41,0,3.52,0.15,1.04,0.21,0,0.14,0.06,0.07,0.02,0,0.01
2013-11,57.96,26.47,10.44,0,3.02,0.09,0.68,1.16,0,0.09,0.05,0.03,0,0,0.01
2013-12,60.29,24.75,10.46,0,2.6,0.09,0.58,1.07,0,0.07,0.04,0.05,0,0,0.01
2014-01,60.25,27.66,8.63,0,1.69,0.1,0.59,0.93,0,0.07,0.02,0.04,0,0,0.01
2014-02,62.51,25.1,8.86,0,1.53,0.09,0.87,0.89,0.01,0.09,0.02,0.02,0,0,0.01
2014-03,61.53,26.07,8.91,0,1.59,0.09,0.68,0.94,0,0.11,0.05,0.04,0,0,0.01
2014-04,55.06,31.16,9.83,0,1.95,0.09,0.56,1.13,0.01,0.12,0.05,0.02,0,0,0.01
2014-05,55.73,29.87,9.93,0,2.26,0.1,0.72,1.16,0,0.13,0.04,0.04,0,0,0.01
2014-06,62.29,24.95,8.98,0,1.86,0.08,0.65,0.99,0,0.13,0.05,0.01,0,0,0.01
2014-07,56.6,28.76,10.91,0,1.77,0.06,0.7,0.96,0,0.16,0.05,0.01,0,0.01,0.01
2014-08,61.82,24.27,10.18,0,1.83,0.04,0.78,0.85,0,0.15,0.04,0.01,0,0.01,0.02
2014-09,68.9,20.26,6.97,0,1.18,0.03,1.85,0.63,0,0.13,0.02,0,0,0.01,0.01
2014-10,68.66,22.32,6.39,0,0.96,0.04,0.74,0.69,0,0.14,0.02,0.01,0,0.01,0.01
2014-11,71.72,20.48,5.54,0,0.85,0.04,0.52,0.67,0,0.15,0.02,0,0,0.01,0.01
2014-12,75.2,17.73,4.94,0,0.75,0.03,0.53,0.62,0,0.18,0.01,0,0,0.01,0.01
2015-01,74.45,18.49,4.83,0,0.88,0.03,0.51,0.58,0,0.19,0.01,0,0,0.01,0.01
2015-02,73.21,17.48,5.85,0,1.83,0.01,0.67,0.68,0,0.23,0.02,0,0,0.01,0
2015-03,77.55,14.61,4.89,0,0.72,0.01,0.7,1.26,0,0.24,0.02,0,0,0,0
2015-04,79.81,12.81,5.08,0,0.9,0.01,0.46,0.6,0,0.23,0.02,0,0,0.01,0.07
2015-05,79.45,12.75,5.34,0,0.95,0.01,0.52,0.69,0,0.25,0.02,0.01,0,0.01,0.02
2015-06,79.79,12.75,5.12,0,0.99,0.01,0.43,0.63,0,0.24,0.02,0.01,0,0.01,0
2015-07,77.13,14.5,5.79,0,1,0.01,0.57,0.68,0.01,0.28,0.02,0,0,0.01,0
2015-08,75.7,15.08,6.32,0,1.23,0.01,0.52,0.74,0.01,0.35,0.01,0.01,0,0,0.01
2015-09,75.74,15.24,6.33,0,1.06,0.01,0.53,0.7,0.02,0.36,0,0,0,0,0.01
2015-10,74.43,16.5,6.24,0,0.96,0.01,0.72,0.86,0.01,0.26,0,0,0,0.01,0
2015-11,75.37,16.79,5.42,0,0.94,0.01,0.61,0.56,0.01,0.26,0.01,0,0,0.01,0
2015-12,75.88,16.55,5.04,0,0.89,0.02,0.68,0.65,0.02,0.25,0.01,0,0,0.01,0.01
2016-01,76.57,16.3,4.81,0,0.9,0.02,0.57,0.58,0.02,0.21,0.01,0,0,0,0.01
2016-02,78.28,14.55,5.22,0,0.82,0.01,0.48,0.49,0.01,0.11,0.01,0,0,0,0.01
2016-03,81.82,9.66,6.2,0,0.93,0.01,0.59,0.68,0.02,0.07,0.01,0,0,0.01,0.01
2016-04,82.62,8.82,6.09,0,0.9,0.01,0.7,0.73,0.02,0.08,0.01,0,0,0.02,0.01
2016-05,74.07,17.51,6.09,0,0.92,0,0.52,0.77,0.02,0.08,0.01,0,0,0.01,0.01
2016-06,74.16,17.22,6.55,0,0.82,0,0.3,0.81,0.02,0.06,0.02,0,0,0.01,0.01
2016-07,74.01,17.62,6.26,0,0.92,0.01,0.25,0.76,0.04,0.07,0.06,0,0,0.01,0.01
2016-08,71.35,19.73,6.7,0,0.91,0.01,0.24,0.89,0.02,0.07,0.07,0,0,0.01,0.01
2016-09,71.83,20.11,6.15,0,0.77,0.01,0.22,0.76,0.02,0.05,0.05,0,0,0.01,0.01
2016-10,73.53,19.64,5.14,0.22,0.58,0,0.16,0.6,0.02,0.03,0.07,0,0,0.01,0.01
2016-11,75.7,17.5,4.41,1.05,0.56,0,0.14,0.53,0.01,0.03,0.05,0,0,0.01,0.01
2016-12,69.14,22.9,4.88,1.45,0.62,0.01,0.18,0.69,0.02,0.03,0.05,0,0,0.01,0.01
2017-01,72.25,20.25,5.08,1.07,0.51,0.02,0.15,0.57,0.02,0.02,0.04,0,0,0.01,0.01
2017-02,73.29,18.76,5.57,1,0.46,0.02,0.16,0.63,0.07,0.02,0.02,0,0,0.01,0
2017-03,77.32,15.23,5.24,1.06,0.37,0.03,0.14,0.47,0.08,0.02,0.02,0,0,0.01,0.01
2017-04,72.49,18.95,5.77,1.48,0.43,0.07,0.15,0.5,0.08,0.02,0.03,0,0,0.02,0.01
2017-05,78.96,12.34,6.45,0.96,0.42,0.25,0.15,0.28,0.09,0.03,0.05,0,0,0.01,0.01
2017-06,80.19,12.7,5.04,1.06,0.27,0.25,0.11,0.21,0.09,0.03,0.03,0,0,0.01,0.01
2017-07,75.66,15.7,5.79,1.43,0.34,0.51,0.13,0.26,0.1,0.03,0.02,0,0,0.01,0.01
2017-08,79.42,13.41,4.63,1.14,0.31,0.64,0.12,0.16,0.12,0.02,0.02,0,0,0,0.01
2017-09,74.77,16.99,5.03,1.68,0.39,0.55,0.15,0.2,0.18,0.03,0.03,0,0,0.01,0.01
2017-10,66.84,21.97,7.54,1.8,0.37,0.69,0.18,0.23,0.26,0.04,0.03,0,0,0.01,0.01
2017-11,63.56,24.56,7.16,2.57,0.37,1.01,0.15,0.22,0.31,0.04,0.02,0,0,0.01,0.01
2017-12,67.34,23.09,5.85,1.87,0.28,1,0.15,0.18,0.17,0.03,0.03,0,0,0.01,0.01
2018-01,63.28,25.39,6.33,2.72,0.39,1.24,0.18,0.21,0.12,0.04,0.06,0,0,0.02,0.02
2018-02,64.05,24.89,6.62,2.04,0.36,1.43,0.16,0.23,0.12,0.04,0.04,0,0,0.01,0.01
2018-03,52.38,33.28,8.03,2.9,0.49,2,0.23,0.34,0.22,0.07,0.04,0,0,0.01,0.01
2018-04,49.94,36.23,8.5,2.26,0.45,1.68,0.24,0.36,0.22,0.08,0.04,0,0,0.01,0.01
2018-05,51.6,34.57,8,2.55,0.41,1.78,0.25,0.38,0.3,0.07,0.05,0,0,0.03,0.01
2018-06,47.45,36.86,8.9,3.05,0.36,2.21,0.28,0.35,0.35,0.11,0.05,0,0,0.01,0.02
2018-07,57.22,29.63,7.06,2.82,0.22,1.94,0.27,0.29,0.41,0.06,0.05,0,0,0.01,0.01
2018-08,60.22,28.22,6.91,2.24,0,1.44,0.26,0.27,0.32,0.06,0.03,0,0,0.02,0.02
2018-09,60.18,27.92,7.39,2.25,0,1.3,0.23,0.26,0.35,0.05,0.03,0,0,0.01,0.04
2018-10,58.79,29.6,7.31,2.16,0.01,1.24,0.24,0.33,0.19,0.06,0.04,0,0,0.01,0.03
2018-11,59.73,29.34,6.15,2.63,0,1.18,0.24,0.36,0.25,0.07,0.02,0,0,0.01,0.02
2018-12,56.52,32.84,6.31,2.09,0,1.09,0.29,0.39,0.36,0.04,0.06,0,0,0.01,0.01
2019-01,52.46,36.42,7.17,1.89,0,1.12,0.21,0.28,0.34,0.05,0.02,0,0,0.01,0.02
2019-02,56.04,33.35,6.65,1.78,0,1.01,0.43,0.2,0.39,0.04,0.05,0,0,0.03,0.02
2019-03,52.66,34.89,7.46,2.52,0,1.03,0.95,0.18,0.2,0.04,0.04,0,0,0.01,0.03
2019-04,52,36.33,6.82,2.79,0,1.23,0.29,0.17,0.22,0.01,0.05,0,0,0.03,0.04
2019-05,54.2,32.54,8.3,2.58,0,1.28,0.52,0.17,0.3,0,0.05,0,0,0.01,0.04
2019-06,56.26,33.43,6.43,1.83,0,1.24,0.27,0.2,0.23,0,0.05,0,0,0.02,0.03
2019-07,51.24,37.24,7.15,2.38,0,1.24,0.27,0.2,0.22,0,0.02,0,0,0.01,0.03
2019-08,54.96,35.04,6.5,1.74,0,1.07,0.25,0.18,0.19,0,0.04,0,0,0.01,0.02
2019-09,57.54,29.47,7.59,3.73,0,1.02,0.24,0.14,0.22,0,0.01,0,0,0.02,0.02
2019-10,51.86,20.69,15.99,9.61,0,1.18,0.33,0.12,0.15,0.01,0.02,0,0,0.02,0.03
2019-11,49.89,20.17,18.41,9.86,0,1.06,0.3,0.12,0.13,0,0.02,0,0,0.01,0.03
2019-12,50.27,17.44,20.33,10.41,0,0.98,0.33,0.1,0.1,0,0.01,0,0,0.01,0.02
2020-01,43.1,18.13,24.42,12.58,0,1.09,0.39,0.11,0.12,0.01,0.01,0,0,0.01,0.03
2020-02,43.25,16.12,25.29,13.62,0,1.07,0.38,0.12,0.12,0,0.01,0,0,0.01,0.03
2020-03,42.05,13.95,26.78,15.49,0,1.05,0.36,0.12,0.17,0,0.02,0,0,0.01,0.01
2020-04,38.1,17.33,26.94,15.79,0,1.11,0.4,0.14,0.15,0,0.01,0,0,0.01,0.02
2020-05,59.78,27.82,8.47,1.69,0,1.4,0.26,0.28,0.24,0,0.03,0,0,0.02,0.02
2020-06,65.62,22.53,8.78,0.8,0,1.26,0.26,0.51,0.21,0,0.02,0,0,0.01,0.01
2020-07,65.19,21.74,9.84,0.96,0,1.37,0.28,0.32,0.24,0,0.02,0,0,0.03,0.01
2020-08,67.03,20.15,9.61,0.94,0,1.26,0.21,0.43,0.31,0,0.02,0,0,0.01,0.01
2020-09,67.91,18.92,9.75,1.04,0,1.24,0.22,0.62,0.25,0,0.02,0,0,0.02,0.01
2020-10,65.18,18.5,13.57,0.82,0,1.03,0.23,0.35,0.27,0,0.02,0,0,0.02,0.01
2020-11,55.45,19.23,21.69,1.6,0,1.05,0.17,0.3,0.47,0,0.02,0,0,0.02,0.01
2020-12,61.09,19.69,16.03,1.39,0,1.06,0.17,0.12,0.4,0,0.03,0,0,0.02,0.01
2021-01,65.57,16.59,14.09,1.76,0,1.23,0.23,0.18,0.31,0,0.02,0,0,0.01,0.01
2021-02,70.78,14.08,10.63,2.48,0,1.22,0.21,0.2,0.31,0,0.03,0,0,0.03,0.01
2021-03,70.72,14.54,9.72,3.19,0,1.2,0.18,0.11,0.29,0,0.03,0,0,0.02,0.01
2021-04,72.76,12.06,9.18,3.9,0,1.18,0.27,0.18,0.4,0,0.04,0,0,0.03,0.01
2021-05,77.14,9.43,7.95,3.7,0,1.06,0.24,0.12,0.28,0,0.04,0,0,0.03,0.01
2021-06,76.28,8.57,8.7,4.79,0,1,0.18,0.16,0.27,0,0.04,0,0,0.01,0.01
2021-07,80.43,7.18,6.71,3.95,0,0.91,0.35,0.21,0.2,0,0.03,0,0,0.03,0.01
2021-08,77.79,7.82,8.23,3.89,0,1.06,0.55,0.36,0.22,0,0.06,0,0,0.01,0.01
2021-09,72.81,9.72,9.58,5.39,0,1.21,0.62,0.28,0.31,0,0.05,0,0,0.02,0.02
2021-10,74.59,9.09,8.07,5.91,0,1.07,0.76,0.17,0.26,0,0.04,0,0,0.02,0.01
2021-11,70.29,9.72,10.37,6.74,0,1.07,1.29,0.13,0.27,0,0.04,0,0,0.05,0.01
2021-12,74,9.07,8.96,5.87,0,0.92,0.78,0.09,0.25,0,0.03,0,0,0.01,0.01
2022-01,77.2,6.94,7.58,6.2,0,1,0.69,0.07,0.25,0,0.02,0,0,0.03,0.01
2009-03,0,0,0,0,0,0,0,0,0,0,0,0,0,0,0