Date,Facebook,Pinterest,Twitter,StumbleUpon,Tumblr,reddit,YouTube,Instagram,Google+,Fark,LinkedIn,Digg,Other
2012-09,21.27,71.46,1.58,2.2,0,2.54,0.44,0,0,0.1,0.15,0.04,0.23
2012-10,17.55,73.79,3.24,1.66,0,2.56,0.71,0,0,0.09,0.12,0.04,0.24
2012-11,19.26,70.49,2.9,3.9,0,2.26,0.67,0,0,0.12,0.09,0.02,0.27
2012-12,21.31,64.42,4.56,6.9,0,1.95,0.46,0,0,0.08,0.11,0.03,0.18
2013-01,20.94,64.73,4.92,6.84,0,1.86,0.37,0,0,0.08,0.09,0.02,0.16
2013-02,19.1,69.25,4.76,4.86,0,1.46,0.32,0,0.02,0.05,0.08,0.01,0.11
2013-03,19.99,68.69,4.98,4.2,0,1.57,0.31,0,0.05,0.06,0.07,0.01,0.07
2013-04,23.7,62.34,5.97,5.54,0,1.86,0.26,0,0.07,0.1,0.06,0.03,0.07
2013-05,26.84,58.24,6.33,5.8,0,2.22,0.26,0,0.05,0.09,0.08,0.01,0.08
2013-06,24.98,61.38,5.81,5.29,0,1.98,0.27,0,0.04,0.08,0.07,0.02,0.09
2013-07,23.61,63.09,5.74,5.17,0,1.8,0.31,0,0.06,0.08,0.07,0.02,0.07
2013-08,24.22,62.7,5.49,5.12,0,1.86,0.31,0,0.07,0.07,0.07,0.04,0.05
2013-09,23.3,64.21,5.29,4.58,0,2.13,0.23,0,0.07,0.05,0.06,0.02,0.06
2013-10,28.01,59.47,5.28,4.34,0.55,1.83,0.21,0,0.08,0.07,0.05,0.05,0.05
2013-11,31.65,54.74,4.25,3.89,3.68,1.38,0.19,0,0.07,0.06,0.03,0.05,0.02
2013-12,33.21,53.06,4.63,3.79,3.63,1.27,0.19,0,0.06,0.06,0.03,0.05,0.02
2014-01,35.14,53.51,3.95,2.84,2.99,1.18,0.19,0,0.05,0.04,0.04,0.04,0.02
2014-02,37.78,50.69,4.05,2.57,2.99,1.56,0.19,0,0.06,0.04,0.04,0.03,0.02
2014-03,37.31,50.93,4.18,2.57,3.31,1.26,0.21,0,0.06,0.06,0.03,0.04,0.01
2014-04,39.23,48.69,4.09,2.81,3.73,1.06,0.18,0,0.06,0.05,0.04,0.04,0.02
2014-05,41.1,46.35,4.15,3.12,3.56,1.33,0.18,0,0.08,0.05,0.01,0.05,0.02
2014-06,45.65,43.13,3.93,2.64,3.07,1.21,0.16,0,0.11,0.05,0.01,0.02,0.02
2014-07,43.46,45.32,4.42,2.33,2.73,1.34,0.13,0,0.13,0.06,0.03,0.02,0.03
2014-08,49.16,40.64,4.03,2.19,2.24,1.43,0.1,0,0.11,0.04,0.03,0.01,0.02
2014-09,52.77,37.76,3.35,1.66,1.88,2.32,0.07,0,0.1,0.03,0.02,0.01,0.02
2014-10,50.31,41.38,3.35,1.45,2,1.26,0.04,0,0.11,0.03,0.02,0.02,0.02
2014-11,51.8,41.09,2.81,1.32,1.74,1.03,0.03,0,0.1,0.02,0.02,0,0.02
2014-12,58.38,35.14,2.59,1.2,1.6,0.91,0.02,0,0.1,0.02,0.02,0.01,0.02
2015-01,61.46,32.49,2.35,1.31,1.43,0.76,0.03,0,0.1,0.02,0.02,0.01,0.03
2015-02,63.14,30.36,2.44,1.45,1.52,0.9,0.01,0,0.1,0.03,0.02,0,0.03
2015-03,65.76,27.91,2.3,1.04,1.84,0.97,0.02,0,0.11,0.02,0.01,0.01,0.01
2015-04,67.19,26.98,2.26,1.12,1.48,0.68,0.01,0,0.11,0.03,0.01,0.01,0.13
2015-05,68.37,26.13,2.13,0.98,1.5,0.71,0.01,0,0.11,0.02,0.01,0.01,0.02
2015-06,67.36,27.22,2.11,1,1.49,0.66,0.02,0,0.1,0.03,0.01,0.01,0.01
2015-07,66.16,28.14,2.21,1.03,1.52,0.75,0.02,0,0.11,0.02,0.01,0.01,0.02
2015-08,62.92,30.76,2.47,1.27,1.63,0.73,0.03,0,0.13,0.02,0.02,0.01,0.01
2015-09,62.39,31.35,2.55,1.1,1.64,0.75,0.02,0,0.13,0.02,0.03,0.01,0.01
2015-10,61.67,32.06,2.52,0.93,1.82,0.82,0.02,0,0.1,0.02,0.02,0,0.01
2015-11,60.35,33.84,2.32,0.95,1.6,0.79,0.03,0,0.08,0.01,0.01,0,0.01
2015-12,60.51,33.8,2.18,0.9,1.66,0.79,0.03,0,0.07,0.02,0.02,0,0.02
2016-01,62.79,32.03,2.08,0.87,1.43,0.66,0.03,0,0.06,0.02,0.01,0,0.01
2016-02,64.48,30.08,2.41,0.87,1.42,0.61,0.01,0,0.04,0.04,0.01,0,0.01
2016-03,68.88,24,2.98,1.14,1.99,0.86,0.01,0,0.04,0.06,0.02,0,0.02
2016-04,71.35,21.46,2.9,1.1,2.02,1.03,0.01,0,0.04,0.04,0.02,0,0.03
2016-05,62.25,30.74,2.82,1.1,2.1,0.87,0.01,0,0.04,0.04,0.01,0,0.02
2016-06,61.24,31.32,3.18,1,2.29,0.82,0.01,0,0.05,0.06,0.01,0,0.02
2016-07,61.98,30.55,3.25,1,2.11,0.77,0.01,0,0.05,0.25,0.02,0,0.02
2016-08,60.02,31.84,3.67,1.03,2.29,0.78,0.01,0,0.05,0.27,0.01,0,0.02
2016-09,58.19,33.58,3.76,0.99,2.33,0.85,0.02,0,0.05,0.19,0.01,0,0.02
2016-10,62.72,30.25,3.46,0.72,1.79,0.69,0.01,0.04,0.03,0.27,0.01,0.01,0.02
2016-11,67.02,26.82,3.05,0.67,1.56,0.56,0.01,0.11,0.02,0.17,0.01,0,0.01
2016-12,59.47,33.72,3.24,0.78,1.91,0.55,0.03,0.1,0.04,0.14,0.02,0,0.01
2017-01,64.75,29.07,3.13,0.7,1.58,0.48,0.04,0.08,0.03,0.09,0.02,0,0.02
2017-02,67.93,26.32,3.2,0.59,1.54,0.21,0.01,0.05,0.03,0.06,0.03,0,0.01
2017-03,71.78,22.8,3.18,0.55,1.26,0.22,0.01,0.05,0.03,0.07,0.04,0,0.01
2017-04,64.38,29.48,3.49,0.67,1.42,0.23,0.04,0.07,0.04,0.12,0.04,0,0.02
2017-05,68.61,24.73,4.04,0.66,1.1,0.26,0.24,0.05,0.04,0.18,0.05,0.01,0.02
2017-06,68.02,25.46,4.06,0.56,1.03,0.22,0.36,0.05,0.05,0.12,0.06,0,0.02
2017-07,72.11,21.86,3.74,0.48,0.81,0.18,0.61,0.04,0.03,0.06,0.05,0,0.01
2017-08,73.42,21,3.37,0.52,0.6,0.19,0.67,0.04,0.03,0.08,0.06,0,0.02
2017-09,69.43,24.85,3.45,0.61,0.72,0.21,0.53,0.05,0.03,0.04,0.07,0,0.02
2017-10,66.2,27.53,4.11,0.52,0.69,0.23,0.51,0.05,0.04,0.03,0.06,0,0.02
2017-11,61.51,31.98,4.26,0.52,0.64,0.22,0.65,0.06,0.04,0.02,0.08,0,0.03
2017-12,62.63,31.5,3.79,0.42,0.57,0.21,0.65,0.05,0.03,0.03,0.06,0,0.05
2018-01,55.57,37.22,4.53,0.63,0.7,0.25,0.83,0.07,0.04,0.06,0.06,0,0.03
2018-02,58.14,35.46,4.03,0.54,0.69,0.19,0.74,0.06,0.04,0.03,0.06,0,0.01
2018-03,54.99,38.83,3.64,0.56,0.72,0.19,0.8,0.06,0.07,0.03,0.08,0,0.02
2018-04,39.2,53.11,4.35,0.67,0.95,0.34,1.03,0.08,0.11,0.04,0.12,0,0.01
2018-05,39.24,52.31,5.14,0.67,0.89,0.3,1.03,0.1,0.08,0.06,0.15,0,0.04
2018-06,33.2,56.58,6.4,0.62,0.94,0.38,1.43,0.1,0.12,0.06,0.16,0,0.01
2018-07,44.07,47.34,5.36,0.4,0.82,0.33,1.29,0.08,0.05,0.05,0.17,0,0.02
2018-08,48.58,44.27,4.74,0,0.71,0.29,1.06,0.1,0.05,0.03,0.14,0,0.03
2018-09,47.56,44.75,5.53,0,0.74,0.26,0.83,0.09,0.04,0.03,0.14,0,0.02
2018-10,47.46,44.96,5.4,0,0.86,0.23,0.8,0.1,0.04,0.04,0.09,0,0.02
2018-11,45.54,46.23,6.11,0,0.91,0.25,0.67,0.11,0.04,0.02,0.11,0,0.02
2018-12,38.63,54.22,4.86,0,0.96,0.28,0.71,0.1,0.03,0.06,0.15,0,0.02
2019-01,34.67,58.3,5.09,0,0.63,0.23,0.73,0.1,0.03,0.02,0.15,0,0.02
2019-02,34.74,57.8,5.12,0,0.58,0.46,0.86,0.11,0.05,0.05,0.19,0,0.04
2019-03,33.28,58.99,5.18,0,0.51,0.93,0.8,0.11,0.04,0.04,0.1,0,0.02
2019-04,32.58,59.61,5.33,0,0.57,0.3,1.05,0.29,0.01,0.06,0.11,0,0.08
2019-05,36.58,54,6.5,0,0.67,0.81,1.04,0.15,0,0.06,0.14,0,0.05
2019-06,37.55,54.12,5.64,0,0.82,0.27,1.24,0.11,0,0.07,0.11,0.01,0.06
2019-07,34.96,56.77,5.83,0,0.78,0.23,1.12,0.1,0,0.03,0.11,0.01,0.05
2019-08,37.04,55.81,5.31,0,0.62,0.24,0.7,0.11,0,0.05,0.09,0.01,0.03
2019-09,39.86,53.2,5.12,0,0.55,0.21,0.7,0.18,0,0.02,0.13,0,0.03
2019-10,44.98,43.9,8.02,0,0.64,0.31,0.95,0.97,0.02,0.03,0.13,0,0.04
2019-11,51.2,38.75,7.2,0,0.57,0.26,0.79,1.04,0,0.03,0.13,0,0.03
2019-12,59.74,30.51,7.04,0,0.48,0.25,0.67,1.17,0,0.02,0.11,0,0.02
2020-01,59.75,28.63,7.91,0,0.56,0.33,1,1.5,0.02,0.02,0.23,0,0.04
2020-02,64.21,23.99,7.99,0,0.45,0.3,1.28,1.55,0,0.02,0.17,0,0.03
2020-03,66.97,21.83,6.74,0,0.44,0.29,1.58,1.99,0,0.04,0.09,0,0.02
2020-04,61.68,25.88,6.66,0,0.48,0.42,2.66,2.11,0,0.02,0.05,0,0.03
2020-05,62.75,30.26,4.29,0,0.57,0.25,1.5,0.25,0,0.05,0.06,0,0.02
2020-06,66.85,26.35,4.13,0,0.84,0.22,1.34,0.18,0,0.03,0.04,0,0.02
2020-07,66.88,25.5,5.05,0,0.63,0.25,1.34,0.23,0,0.03,0.06,0,0.02
2020-08,67.71,24.99,4.87,0,0.78,0.21,1.11,0.22,0,0.04,0.06,0,0.02
2020-09,69.4,22.89,5.16,0,0.94,0.19,1.07,0.24,0,0.03,0.05,0,0.02
2020-10,65.4,25.15,7.12,0,0.64,0.26,1.08,0.23,0,0.03,0.07,0,0.02
2020-11,63.25,24.96,9.32,0,0.62,0.17,1.08,0.44,0,0.04,0.09,0,0.02
2020-12,62.38,27.69,7.73,0,0.42,0.2,0.99,0.44,0,0.06,0.07,0,0.02
2021-01,66.15,25.3,5.87,0,0.5,0.25,1.25,0.57,0,0.03,0.05,0,0.02
2021-02,67.93,24.25,4.59,0,0.55,0.19,1.54,0.78,0,0.07,0.08,0,0.03
2021-03,70,22.69,3.8,0,0.39,0.19,1.84,0.97,0,0.05,0.04,0,0.02
2021-04,70.5,21.18,4.03,0,0.55,0.3,1.92,1.33,0,0.08,0.06,0,0.06
2021-05,72.97,18.58,3.94,0,0.49,0.35,2.09,1.42,0,0.08,0.05,0,0.03
2021-06,75.57,15.8,4.14,0,0.56,0.28,1.75,1.73,0,0.09,0.05,0,0.02
2021-07,78.89,13.88,3.45,0,0.66,0.29,1.38,1.31,0,0.07,0.04,0,0.03
2021-08,78.92,13.57,3.56,0,0.92,0.29,1.53,1.03,0,0.13,0.03,0,0.02
2021-09,79.32,13.61,3.43,0,0.59,0.26,1.29,1.29,0,0.08,0.04,0,0.07
2021-10,77.25,14.72,3.65,0,0.66,0.33,1.38,1.81,0,0.08,0.05,0,0.06
2021-11,75.28,15.08,4.47,0,0.58,0.5,1.66,2.1,0,0.09,0.07,0,0.16
2021-12,81.82,11.28,3.35,0,0.46,0.34,1.06,1.48,0,0.06,0.05,0,0.1